0.0 75.59623423027978
0.05 75.97516240065767
0.1 76.35598993113435
0.15 76.73872603128494
0.2 77.12338038464289
0.25 77.50996293954864
0.3 77.89848324767436
0.35 78.28895102010776
0.4 78.6813760195067
0.45 79.07576805791702
0.5 79.47213699478708
0.55 79.87049273922119
0.6 80.27084525012943
0.65 80.67320453634511
0.7 81.07758065687686
0.75 81.48398372114913
0.8 81.8924238892585
0.85 82.30291137223035
0.9 82.71545643227309
0.95 83.13006938303474
1.0 83.54676058986064
1.05 83.9655404700527
1.05 84.38641949312974
1.1 83.9655399517302
1.15 83.5467595884715
1.2 83.13006827578758
1.25 82.71545545639793
1.3 82.30291040330358
1.35 81.89242292735466
1.4 81.48398276427545
1.45 81.07757970407745
1.5 80.67320358814345
1.55 80.27084430664799
1.6 79.87049180044099
1.65 79.47213606069339
1.7 79.07576712849112
1.75 78.68137509458467
1.8 78.28895009915219
1.85 77.89848233154963
1.9 77.5099620300626
1.95 77.12337948166328
2.0 76.73872502176785
2.05 76.35598903399479
2.1 75.97516194992444
2.1 75.59623424885987
2.15 75.97516241944021
2.2 76.35598994985808
2.25 76.73872605074298
2.3 77.1233804040397
2.35 77.5099629590426
2.4 77.8984832672662
2.45 78.28895103979913
2.5 78.68137603929644
2.55 79.07576807780578
2.6 79.47213701477553
2.65 79.87049275930983
2.7 80.27084527031877
2.75 80.67320455663567
2.8 81.0775806772691
2.85 81.48398374164358
2.9 81.8924239098557
2.95 82.30291139293078
3.0 82.7154564530773
3.05 83.1300694039432
3.1 83.54676061087392
3.15 83.9655404911713
3.2 84.38641951435419
3.25 84.80940820242006
3.3 85.23451713010815
3.35 85.66175692516377
3.4 86.0911382686041
3.45 86.52267189498507
3.5 86.95636859266979
